,x,y,Z,0
0,-4077.719999999972,7186.5099999997765,-2396.25,-1453.4482494001402
1,-4077.719999999972,7186.5099999997765,-2396.25,-1660.9933508245044
2,-4077.719999999972,7186.5099999997765,-2396.25,-193.65356056918287
3,-3894.4299999999935,6854.040000000035,-2406.37,-1405.389233851049
4,-3894.4299999999935,6854.040000000035,-2406.37,-1405.389233851049
5,-3894.4299999999935,6854.040000000035,-2406.37,-1102.4973295312586
6,-3894.4299999999935,6854.040000000035,-2406.37,-157.84080352953777
7,-3894.4299999999935,6854.040000000035,-2406.37,-915.0234530759647
8,-3894.4299999999935,6854.040000000035,-2406.37,-1427.9628380074103
9,-3894.4299999999935,6854.040000000035,-2406.37,-1191.3072631922323
10,-3894.4299999999935,6854.040000000035,-2406.37,-1393.6549717135747
11,-3894.4299999999935,6854.040000000035,-2406.37,-407.81458157954074
12,-3894.4299999999935,6854.040000000035,-2406.37,-580.871028049521
13,-3894.4299999999935,6854.040000000035,-2406.37,-597.6025280495211
14,-3894.4299999999935,6854.040000000035,-2406.37,-1019.2418204161988
15,-3894.4299999999935,6854.040000000035,-2406.37,-188.0331869823495
16,-3894.4299999999935,6854.040000000035,-2406.37,-211.42500760091457
17,-3894.4299999999935,6854.040000000035,-2406.37,-591.1216429760374
18,-3894.4299999999935,6854.040000000035,-2406.37,-399.93419332041105
19,-3894.4299999999935,6854.040000000035,-2406.37,-399.93419332041105
20,-6651.530000000028,4047.1699999999255,-2527.26,-1695.9339148068946
21,-6651.530000000028,4047.1699999999255,-2527.26,-2416.9513454497064
22,-6651.530000000028,4047.1699999999255,-2527.26,-1248.564939915891
23,-6651.530000000028,4047.1699999999255,-2527.26,-735.9768802364881
24,-6651.530000000028,4047.1699999999255,-2527.26,-1175.2976778464508
25,-6651.530000000028,4047.1699999999255,-2527.26,-1198.307011950814
26,-6651.530000000028,4047.1699999999255,-2527.26,-1192.2562778464508
27,-6651.530000000028,4047.1699999999255,-2527.26,-1369.374506904166
28,-6651.530000000028,4047.1699999999255,-2527.26,-291.71503843541603
29,-6651.530000000028,4047.1699999999255,-2527.26,-283.7180384354161
30,-6651.530000000028,4047.1699999999255,-2527.26,-1033.015429448251
31,-6651.530000000028,4047.1699999999255,-2527.26,-543.2543403927184
32,-6651.530000000028,4047.1699999999255,-2527.26,-261.4223344948888
33,-6651.530000000028,4047.1699999999255,-2527.26,-277.1716077387922
34,-6651.530000000028,4047.1699999999255,-2527.26,-247.3653344948887
35,-6651.530000000028,4047.1699999999255,-2527.26,-261.4223344948888
36,-6651.530000000028,4047.1699999999255,-2527.26,-247.3653344948887
37,-6651.530000000028,4047.1699999999255,-2527.26,-247.3653344948887
38,-2702.780000000028,12178.280000000259,-2629.99,-765.3594609769171
39,-2702.780000000028,12178.280000000259,-2629.99,-1059.411922910032
40,-2702.780000000028,12178.280000000259,-2629.99,-1090.5452562433654
41,-2702.780000000028,12178.280000000259,-2629.99,-378.66545383286103
42,-2702.780000000028,12178.280000000259,-2629.99,-1039.3649588853464
43,-2702.780000000028,12178.280000000259,-2629.99,-1028.3672352903886
44,-2702.780000000028,12178.280000000259,-2629.99,-1068.551610290389
45,-2702.780000000028,12178.280000000259,-2629.99,-1422.170044624378
46,-2702.780000000028,12178.280000000259,-2629.99,-1031.8541356360108
47,-2702.780000000028,12178.280000000259,-2629.99,-1178.6435526543964
48,-2702.780000000028,12178.280000000259,-2629.99,-1178.6435526543964
49,-2702.780000000028,12178.280000000259,-2629.99,-1422.170044624378
50,-2702.780000000028,12178.280000000259,-2629.99,-390.009655364706
51,-2702.780000000028,12178.280000000259,-2629.99,-1166.9389667913288
52,-2702.780000000028,12178.280000000259,-2629.99,-1142.329878191686
53,-2702.780000000028,12178.280000000259,-2629.99,-1033.547898756422
54,-4552.650000000023,8101.370000000114,-2420.19,-839.6516790886438
55,-4552.650000000023,8101.370000000114,-2420.19,-2055.5563379912955
56,-4552.650000000023,8101.370000000114,-2420.19,-1554.5775969674173
57,-4552.650000000023,8101.370000000114,-2420.19,-540.2639295462692
58,-4552.650000000023,8101.370000000114,-2420.19,-604.8935577421937
59,-4552.650000000023,8101.370000000114,-2420.19,-805.2261689424598
60,-4552.650000000023,8101.370000000114,-2420.19,-899.1868678033213
61,-4552.650000000023,8101.370000000114,-2420.19,-1125.8162284330233
62,-4552.650000000023,8101.370000000114,-2420.19,-578.5254386354014
63,-4552.650000000023,8101.370000000114,-2420.19,-684.0927116647832
64,-4552.650000000023,8101.370000000114,-2420.19,-608.0062473876421
65,-4552.650000000023,8101.370000000114,-2420.19,-604.8935577421937
66,-4552.650000000023,8101.370000000114,-2420.19,-258.36247887891784
67,-2463.950000000012,9431.790000000035,-2509.56,-1533.9600889956507
68,-2463.950000000012,9431.790000000035,-2509.56,-1518.5708601220394
69,-2463.950000000012,9431.790000000035,-2509.56,-721.1246402679554
70,-2463.950000000012,9431.790000000035,-2509.56,-270.2122137044838
71,-2463.950000000012,9431.790000000035,-2509.56,-269.7825561439977
72,-2346.200000000012,7290.969999999737,-2493.96,-1022.3080269361266
73,-2346.200000000012,7290.969999999737,-2493.96,-1264.939977082875
74,-2346.200000000012,7290.969999999737,-2493.96,-890.1296977777398
75,-2346.200000000012,7290.969999999737,-2493.96,-104.34123586446876
76,-2346.200000000012,7290.969999999737,-2493.96,-660.1312402661725
77,-2346.200000000012,7290.969999999737,-2493.96,-709.4365691228918
78,-2346.200000000012,7290.969999999737,-2493.96,-660.1312402661725
79,-2346.200000000012,7290.969999999737,-2493.96,-239.8724892321166
80,-2346.200000000012,7290.969999999737,-2493.96,-499.22297805712725
81,-2346.200000000012,7290.969999999737,-2493.96,-367.2147415498813
82,-2346.200000000012,7290.969999999737,-2493.96,-678.8704250297353
83,-2346.200000000012,7290.969999999737,-2493.96,-138.22039965133771
84,-2346.200000000012,7290.969999999737,-2493.96,-104.34123586446876
85,-2346.200000000012,7290.969999999737,-2493.96,-104.34123586446876
86,-2346.200000000012,7290.969999999737,-2493.96,-104.34123586446876
87,-2346.200000000012,7290.969999999737,-2493.96,-104.34123586446876
88,-2346.200000000012,7290.969999999737,-2493.96,-118.0530770284114
89,-2346.200000000012,7290.969999999737,-2493.96,-118.0530770284114
90,-5282.290000000037,9233.28000000026,-2563.15,-1832.3646722724181
91,-5282.290000000037,9233.28000000026,-2563.15,-1832.1336282637626
92,-5282.290000000037,9233.28000000026,-2563.15,-321.0610580342995
93,-5282.290000000037,9233.28000000026,-2563.15,-321.0610580342995
94,-5282.290000000037,9233.28000000026,-2563.15,-244.17313608070975
95,-2184.9099999999744,7190.179999999702,-2500.03,-907.2556977777397
96,-2184.9099999999744,7190.179999999702,-2500.03,-1186.7501412613972
97,-2184.9099999999744,7190.179999999702,-2500.03,-1150.8527369381
98,-2184.9099999999744,7190.179999999702,-2500.03,-160.96411622183348
99,-2184.9099999999744,7190.179999999702,-2500.03,-543.8965280571273
100,-2184.9099999999744,7190.179999999702,-2500.03,-607.9923318661777
101,-2184.9099999999744,7190.179999999702,-2500.03,-428.17260690346274
102,-2184.9099999999744,7190.179999999702,-2500.03,-1127.9081426406522
103,-2184.9099999999744,7190.179999999702,-2500.03,-660.1312402661725
104,-2184.9099999999744,7190.179999999702,-2500.03,-771.0736810473314
105,-2184.9099999999744,7190.179999999702,-2500.03,-771.0736810473314
106,-2184.9099999999744,7190.179999999702,-2500.03,-874.053728666379
107,-2184.9099999999744,7190.179999999702,-2500.03,-160.96411622183348
108,-2184.9099999999744,7190.179999999702,-2500.03,-160.96411622183348
109,-5653.540000000035,7621.309999999591,-2491.47,-1211.2196383432658
110,-5653.540000000035,7621.309999999591,-2491.47,-1477.8773597603918
111,-5653.540000000035,7621.309999999591,-2491.47,-684.7557229674661
112,-5653.540000000035,7621.309999999591,-2491.47,-355.3992301802522
113,-5653.540000000035,7621.309999999591,-2491.47,-483.2626673339272
114,-5653.540000000035,7621.309999999591,-2491.47,-483.2626673339272
115,-5653.540000000035,7621.309999999591,-2491.47,-406.7792850485367
116,-5653.540000000035,7621.309999999591,-2491.47,-483.2626673339272
117,-5653.540000000035,7621.309999999591,-2491.47,-267.40462048439684
118,-5653.540000000035,7621.309999999591,-2491.47,-214.7132792270665
119,-5653.540000000035,7621.309999999591,-2491.47,-214.7132792270665
120,-5653.540000000035,7621.309999999591,-2491.47,-214.7132792270665
121,-5653.540000000035,7621.309999999591,-2491.47,-253.69277932045424
122,-5653.540000000035,7621.309999999591,-2491.47,-253.69277932045424
123,-5653.540000000035,7621.309999999591,-2491.47,-253.69277932045424
124,-5653.540000000035,7621.309999999591,-2491.47,-253.69277932045424
125,-5653.540000000035,7621.309999999591,-2491.47,-253.69277932045424
126,-4512.729999999981,4663.419999999926,-2468.44,-1127.1392171917398
127,-4512.729999999981,4663.419999999926,-2468.44,-2034.0940067307693
128,-4512.729999999981,4663.419999999926,-2468.44,-1544.207539138196
129,-4512.729999999981,4663.419999999926,-2468.44,-851.8279955711203
130,-4512.729999999981,4663.419999999926,-2468.44,-685.720891336616
131,-4512.729999999981,4663.419999999926,-2468.44,-692.0396313137711
132,-4512.729999999981,4663.419999999926,-2468.44,-798.6271754350486
133,-4512.729999999981,4663.419999999926,-2468.44,-971.27760243376
134,-4512.729999999981,4663.419999999926,-2468.44,-685.720891336616
135,-4512.729999999981,4663.419999999926,-2468.44,-900.2893396620908
136,-4512.729999999981,4663.419999999926,-2468.44,-792.4187768618743
137,-4512.729999999981,4663.419999999926,-2468.44,-845.0618516765726
138,-4679.040000000037,9300.860000000335,-2520.0,-1221.373695089324
139,-4679.040000000037,9300.860000000335,-2520.0,-1285.50202553064
140,-4679.040000000037,9300.860000000335,-2520.0,-789.0125115071253
141,-4679.040000000037,9300.860000000335,-2520.0,-234.8197572933528
142,-4679.040000000037,9300.860000000335,-2520.0,-234.8197572933528
143,-4679.040000000037,9300.860000000335,-2520.0,-253.75318234436736
144,-4679.040000000037,9300.860000000335,-2520.0,-234.8197572933528
145,-4679.040000000037,9300.860000000335,-2520.0,-379.8382108974008
146,-4679.040000000037,9300.860000000335,-2520.0,-234.8197572933528
147,-4679.040000000037,9300.860000000335,-2520.0,-234.8197572933528
148,-4679.040000000037,9300.860000000335,-2520.0,-234.8197572933528
149,-4679.040000000037,9300.860000000335,-2520.0,-234.8197572933528
150,-4679.040000000037,9300.860000000335,-2520.0,-234.8197572933528
151,-4679.040000000037,9300.860000000335,-2520.0,-234.8197572933528
152,-4679.040000000037,9300.860000000335,-2520.0,-234.8197572933528
153,-4679.040000000037,9300.860000000335,-2520.0,-234.8197572933528
154,-4679.040000000037,9300.860000000335,-2520.0,-234.8197572933528
155,-4679.040000000037,9300.860000000335,-2520.0,-234.8197572933528
156,-2277.479999999981,9952.519999999551,-2542.83,-2276.0229421591316
157,-2277.479999999981,9952.519999999551,-2542.83,-2071.3940190190783
158,-2277.479999999981,9952.519999999551,-2542.83,-708.6596162855363
159,-2277.479999999981,9952.519999999551,-2542.83,-252.2767649090809
160,-2277.479999999981,9952.519999999551,-2542.83,-276.59845087330007
161,-2277.479999999981,9952.519999999551,-2542.83,-252.2767649090809
162,-4979.349999999977,5101.099999999628,-2438.17,-1664.3288644198997
163,-4979.349999999977,5101.099999999628,-2438.17,-1802.5274008581837
164,-4979.349999999977,5101.099999999628,-2438.17,-1230.9263401497442
165,-4979.349999999977,5101.099999999628,-2438.17,-384.39588863875645
166,-4979.349999999977,5101.099999999628,-2438.17,-374.10569782101186
167,-4979.349999999977,5101.099999999628,-2438.17,-499.3912759915035
168,-4979.349999999977,5101.099999999628,-2438.17,-435.80959642320704
169,-4979.349999999977,5101.099999999628,-2438.17,-499.3912759915035
170,-4979.349999999977,5101.099999999628,-2438.17,-263.287808653867
171,-4979.349999999977,5101.099999999628,-2438.17,-384.39588863875645
172,-4979.349999999977,5101.099999999628,-2438.17,-384.39588863875645
173,-4979.349999999977,5101.099999999628,-2438.17,-374.10569782101186
174,-4979.349999999977,5101.099999999628,-2438.17,-263.287808653867
175,-4979.349999999977,5101.099999999628,-2438.17,-263.287808653867
176,-4979.349999999977,5101.099999999628,-2438.17,-263.287808653867
177,-4979.349999999977,5101.099999999628,-2438.17,-263.287808653867
178,-4979.349999999977,5101.099999999628,-2438.17,-263.287808653867
179,-4979.349999999977,5101.099999999628,-2438.17,-263.287808653867
180,-3123.8800000000047,5992.450000000185,-2473.73,-1139.990737542191
181,-3123.8800000000047,5992.450000000185,-2473.73,-1645.551053256475
182,-3123.8800000000047,5992.450000000185,-2473.73,-103.10601008387792
183,-3123.8800000000047,5992.450000000185,-2473.73,-103.10601008387792
184,-3123.8800000000047,5992.450000000185,-2473.73,-103.10601008387792
185,-3123.8800000000047,5992.450000000185,-2473.73,-103.10601008387792
186,-3123.8800000000047,5992.450000000185,-2473.73,-103.10601008387792
187,-3123.8800000000047,5992.450000000185,-2473.73,-103.10601008387792
188,-6231.75,3554.4500000001867,-2518.68,-2847.7481197280304
189,-6231.75,3554.4500000001867,-2518.68,-2441.211372797244
190,-6231.75,3554.4500000001867,-2518.68,-1094.8035164332966
191,-6231.75,3554.4500000001867,-2518.68,-1076.456119969815
192,-6231.75,3554.4500000001867,-2518.68,-1076.456119969815
193,-6231.75,3554.4500000001867,-2518.68,-1076.456119969815
194,-6231.75,3554.4500000001867,-2518.68,-1456.8171873510425
195,-6231.75,3554.4500000001867,-2518.68,-948.9945977826868
196,-6231.75,3554.4500000001867,-2518.68,-692.3217572663833
197,-6231.75,3554.4500000001867,-2518.68,-693.0377572663833
198,-6231.75,3554.4500000001867,-2518.68,-391.57119810170286
199,-6559.890000000013,6084.299999999815,-2484.28,-1733.2695725281096
200,-6559.890000000013,6084.299999999815,-2484.28,-1873.3877200566244
201,-6559.890000000013,6084.299999999815,-2484.28,-899.8961829473332
202,-6559.890000000013,6084.299999999815,-2484.28,-327.5323278935118
203,-6559.890000000013,6084.299999999815,-2484.28,-507.60319484295434
204,-6559.890000000013,6084.299999999815,-2484.28,-662.5439198286392
205,-6559.890000000013,6084.299999999815,-2484.28,-540.181455854366
206,-6559.890000000013,6084.299999999815,-2484.28,-283.2667899817215
207,-6559.890000000013,6084.299999999815,-2484.28,-367.0174236496774
208,-6559.890000000013,6084.299999999815,-2484.28,-367.0174236496774
209,-6559.890000000013,6084.299999999815,-2484.28,-208.4189334044848
210,-6559.890000000013,6084.299999999815,-2484.28,-267.517516737818
211,-6559.890000000013,6084.299999999815,-2484.28,-208.4189334044848
212,-4782.760000000009,6344.519999999553,-2424.82,-997.28636342063
213,-4782.760000000009,6344.519999999553,-2424.82,-955.5552917304542
214,-4782.760000000009,6344.519999999553,-2424.82,-209.80750207106985
215,-4782.760000000009,6344.519999999553,-2424.82,-173.1459176282495
216,-4782.760000000009,6344.519999999553,-2424.82,-357.9997362356788
217,-4782.760000000009,6344.519999999553,-2424.82,-173.1459176282495
218,-4782.760000000009,6344.519999999553,-2424.82,-173.1459176282495
219,-4975.75,7009.370000000114,-2411.08,-1179.0836686075197
220,-4975.75,7009.370000000114,-2411.08,-1479.3064805344352
221,-4975.75,7009.370000000114,-2411.08,-331.25067858569
222,-4975.75,7009.370000000114,-2411.08,-420.04473604206805
223,-4975.75,7009.370000000114,-2411.08,-327.3114379352778
224,-4975.75,7009.370000000114,-2411.08,-420.04473604206805
225,-4975.75,7009.370000000114,-2411.08,-327.3114379352778
226,-1835.0,8877.69000000041,-2480.57,-1593.129077713987
227,-1835.0,8877.69000000041,-2480.57,-1683.2928192728966
228,-1835.0,8877.69000000041,-2480.57,-155.28055599914424
229,-1835.0,8877.69000000041,-2480.57,-155.28055599914424
230,-1835.0,8877.69000000041,-2480.57,-155.28055599914424
231,-1835.0,8877.69000000041,-2480.57,-155.28055599914424
232,-3011.8099999999977,10252.410000000147,-2504.99,-1272.9535225897087
233,-3011.8099999999977,10252.410000000147,-2504.99,-265.8017388678776
234,-1848.960000000021,9651.019999999551,-2515.1,-1937.0320752717193
235,-1848.960000000021,9651.019999999551,-2515.1,-1937.0320752717193
236,-1848.960000000021,9651.019999999551,-2515.1,-259.82041034652383
237,-1848.960000000021,9651.019999999551,-2515.1,-259.82041034652383
238,-1848.960000000021,9651.019999999551,-2515.1,-259.82041034652383
239,-1848.960000000021,9651.019999999551,-2515.1,-259.82041034652383
240,-1848.960000000021,9651.019999999551,-2515.1,-259.82041034652383
241,-1848.960000000021,9651.019999999551,-2515.1,-259.82041034652383
242,-4853.699999999953,7253.360000000334,-2411.41,-1146.3350707211712
243,-4853.699999999953,7253.360000000334,-2411.41,-1532.5300958050561
244,-4853.699999999953,7253.360000000334,-2411.41,-283.67966684700843
245,-4853.699999999953,7253.360000000334,-2411.41,-397.0329935405708
246,-4853.699999999953,7253.360000000334,-2411.41,-413.3969437955998
247,-4853.699999999953,7253.360000000334,-2411.41,-303.83952431763583
248,-4853.699999999953,7253.360000000334,-2411.41,-397.0329935405708
249,-4853.699999999953,7253.360000000334,-2411.41,-279.74042619659616
250,-3730.9099999999744,7926.179999999702,-2415.68,-1370.398072299871
251,-3730.9099999999744,7926.179999999702,-2415.68,-434.4109389033186
252,-4818.949999999953,7565.389999999666,-2412.29,-1339.6736617271042
253,-4818.949999999953,7565.389999999666,-2412.29,-1644.0725749022008
254,-4818.949999999953,7565.389999999666,-2412.29,-833.1537797135649
255,-4818.949999999953,7565.389999999666,-2412.29,-283.4837723567671
256,-4818.949999999953,7565.389999999666,-2412.29,-273.1935815390225
257,-4818.949999999953,7565.389999999666,-2412.29,-293.35343900964983
258,-4818.949999999953,7565.389999999666,-2412.29,-297.3253991339826
259,-4818.949999999953,7565.389999999666,-2412.29,-297.3253991339826
260,-4818.949999999953,7565.389999999666,-2412.29,-247.74752472346057
261,-4818.949999999953,7565.389999999666,-2412.29,-247.74752472346057
262,-4818.949999999953,7565.389999999666,-2412.29,-247.74752472346057
263,-4818.949999999953,7565.389999999666,-2412.29,-273.1935815390225
264,-5843.540000000035,4119.530000000262,-2509.8,-2363.292177448297
265,-5843.540000000035,4119.530000000262,-2509.8,-2639.5774725557744
266,-5843.540000000035,4119.530000000262,-2509.8,-1448.4832358164404
267,-5843.540000000035,4119.530000000262,-2509.8,-229.16400387678877
268,-5843.540000000035,4119.530000000262,-2509.8,-1076.0744054092524
269,-5843.540000000035,4119.530000000262,-2509.8,-1038.1672751345645
270,-5843.540000000035,4119.530000000262,-2509.8,-1075.3499713425967
271,-5843.540000000035,4119.530000000262,-2509.8,-1058.1427420125206
272,-5843.540000000035,4119.530000000262,-2509.8,-975.0140258029354
273,-5843.540000000035,4119.530000000262,-2509.8,-1162.0748853149732
274,-5843.540000000035,4119.530000000262,-2509.8,-1272.6147317992468
275,-5843.540000000035,4119.530000000262,-2509.8,-964.2093751345644
276,-5843.540000000035,4119.530000000262,-2509.8,-229.16400387678877
277,-5843.540000000035,4119.530000000262,-2509.8,-229.16400387678877
278,-5843.540000000035,4119.530000000262,-2509.8,-212.78492504307286
279,-7741.439999999944,3726.3300000000745,-2565.11,-984.3279141961302
280,-7741.439999999944,3726.3300000000745,-2565.11,-1579.9674914069835
281,-7741.439999999944,3726.3300000000745,-2565.11,-1287.546483171282
282,-7741.439999999944,3726.3300000000745,-2565.11,-784.7426632150103
283,-7741.439999999944,3726.3300000000745,-2565.11,-978.3824524115886
284,-7741.439999999944,3726.3300000000745,-2565.11,-946.7260524115885
285,-7741.439999999944,3726.3300000000745,-2565.11,-978.3824524115886
286,-7741.439999999944,3726.3300000000745,-2565.11,-1081.354116613083
287,-7741.439999999944,3726.3300000000745,-2565.11,-993.1878318072328
288,-7741.439999999944,3726.3300000000745,-2565.11,-1021.9848208862834
289,-7741.439999999944,3726.3300000000745,-2565.11,-911.731612107805
290,-7741.439999999944,3726.3300000000745,-2565.11,-1008.9094009777667
291,-7741.439999999944,3726.3300000000745,-2565.11,-255.86508419538887
292,-7741.439999999944,3726.3300000000745,-2565.11,-253.3112552971455
293,-7557.359999999987,4595.389999999665,-2535.88,-1842.0119079078224
294,-7557.359999999987,4595.389999999665,-2535.88,-2538.0720521008443
295,-7557.359999999987,4595.389999999665,-2535.88,-1208.9198501975509
296,-7557.359999999987,4595.389999999665,-2535.88,-254.83779289095992
297,-7557.359999999987,4595.389999999665,-2535.88,-269.38122358758375
298,-7557.359999999987,4595.389999999665,-2535.88,-300.797025441463
299,-7557.359999999987,4595.389999999665,-2535.88,-433.9402193333837
300,-7557.359999999987,4595.389999999665,-2535.88,-463.8726949107604
301,-7557.359999999987,4595.389999999665,-2535.88,-238.458714057244
302,-7557.359999999987,4595.389999999665,-2535.88,-257.05879265052744
303,-7557.359999999987,4595.389999999665,-2535.88,-273.4378714842434
304,-7557.359999999987,4595.389999999665,-2535.88,-386.9738714842433
305,-7557.359999999987,4595.389999999665,-2535.88,-238.458714057244
306,-7557.359999999987,4595.389999999665,-2535.88,-238.458714057244
307,-7557.359999999987,4595.389999999665,-2535.88,-238.458714057244
308,-7557.359999999987,4595.389999999665,-2535.88,-288.481907489687
309,-8708.619999999995,1662.2400000002233,-2646.0,-540.7090842726163
310,-8708.619999999995,1662.2400000002233,-2646.0,-803.3531108003941
311,-8708.619999999995,1662.2400000002233,-2646.0,-784.2017245172835
312,-8708.619999999995,1662.2400000002233,-2646.0,-382.93631663824374
313,-8708.619999999995,1662.2400000002233,-2646.0,-399.82559940352786
314,-8708.619999999995,1662.2400000002233,-2646.0,-566.1324143194569
315,-8708.619999999995,1662.2400000002233,-2646.0,-596.768378913574
316,-8708.619999999995,1662.2400000002233,-2646.0,-949.4968492363712
317,-8708.619999999995,1662.2400000002233,-2646.0,-372.5250565097852
318,-8708.619999999995,1662.2400000002233,-2646.0,-382.93631663824374
319,-8708.619999999995,1662.2400000002233,-2646.0,-480.5838624939835
320,-8708.619999999995,1662.2400000002233,-2646.0,-699.8985698973802
321,-8708.619999999995,1662.2400000002233,-2646.0,-405.49923298037345
322,-8708.619999999995,1662.2400000002233,-2646.0,-389.4143392750693
323,-8708.619999999995,1662.2400000002233,-2646.0,-382.93631663824374
324,-8708.619999999995,1662.2400000002233,-2646.0,-389.4143392750693
325,-8708.619999999995,1662.2400000002233,-2646.0,-382.93631663824374
326,-8708.619999999995,1662.2400000002233,-2646.0,-405.49923298037345
327,-5707.180000000051,4294.769999999553,-2492.89,-1649.5235645320768
328,-5707.180000000051,4294.769999999553,-2492.89,-1980.9653239042393
329,-5707.180000000051,4294.769999999553,-2492.89,-1253.264479513679
330,-5707.180000000051,4294.769999999553,-2492.89,-295.50722419265213
331,-5707.180000000051,4294.769999999553,-2492.89,-481.6807196806499
332,-5707.180000000051,4294.769999999553,-2492.89,-462.07921968064994
333,-5707.180000000051,4294.769999999553,-2492.89,-481.6807196806499
334,-5707.180000000051,4294.769999999553,-2492.89,-667.3430514590042
335,-5707.180000000051,4294.769999999553,-2492.89,-641.1919484430974
336,-5707.180000000051,4294.769999999553,-2492.89,-481.6807196806499
337,-5707.180000000051,4294.769999999553,-2492.89,-641.1919484430974
338,-5707.180000000051,4294.769999999553,-2492.89,-1053.9719386775628
339,-5707.180000000051,4294.769999999553,-2492.89,-295.50722419265213
340,-5707.180000000051,4294.769999999553,-2492.89,-295.50722419265213
341,-5707.180000000051,4294.769999999553,-2492.89,-295.50722419265213
342,-5707.180000000051,4294.769999999553,-2492.89,-295.50722419265213
343,-6126.060000000056,2102.910000000149,-2603.24,-701.4210821834849
344,-6126.060000000056,2102.910000000149,-2603.24,-701.4210821834849
345,-6126.060000000056,2102.910000000149,-2603.24,-778.608725094262
346,-6126.060000000056,2102.910000000149,-2603.24,-446.01902947940124
347,-6126.060000000056,2102.910000000149,-2603.24,-413.21854980822707
348,-6126.060000000056,2102.910000000149,-2603.24,-415.9569850698467
349,-6126.060000000056,2102.910000000149,-2603.24,-360.69408944231094
350,-6126.060000000056,2102.910000000149,-2603.24,-415.9569850698467
351,-6126.060000000056,2102.910000000149,-2603.24,-415.9569850698467
352,-6126.060000000056,2102.910000000149,-2603.24,-422.5954454357628
353,-6126.060000000056,2102.910000000149,-2603.24,-422.5954454357628
354,-6126.060000000056,2102.910000000149,-2603.24,-415.9569850698467
355,-6126.060000000056,2102.910000000149,-2603.24,-415.6469294794013
356,-6126.060000000056,2102.910000000149,-2603.24,-413.21854980822707
357,-6126.060000000056,2102.910000000149,-2603.24,-415.9569850698467
358,-6126.060000000056,2102.910000000149,-2603.24,-413.21854980822707
359,-6126.060000000056,2102.910000000149,-2603.24,-415.9569850698467
360,-6126.060000000056,2102.910000000149,-2603.24,-415.9569850698467
361,-7326.150000000023,2105.8300000000745,-2604.52,-1013.5801666666666
362,-7326.150000000023,2105.8300000000745,-2604.52,-1695.3574274035182
363,-7326.150000000023,2105.8300000000745,-2604.52,-1221.9007386293295
364,-7326.150000000023,2105.8300000000745,-2604.52,-1006.8932626259748
365,-7326.150000000023,2105.8300000000745,-2604.52,-841.5806430918752
366,-7326.150000000023,2105.8300000000745,-2604.52,-808.9706419460674
367,-7326.150000000023,2105.8300000000745,-2604.52,-825.5258230649303
368,-7326.150000000023,2105.8300000000745,-2604.52,-859.6240560355494
369,-7326.150000000023,2105.8300000000745,-2604.52,-454.2476436197072
370,-7326.150000000023,2105.8300000000745,-2604.52,-628.5609637701671
371,-7326.150000000023,2105.8300000000745,-2604.52,-858.8783421219287
372,-7326.150000000023,2105.8300000000745,-2604.52,-797.6645015092021
373,-7326.150000000023,2105.8300000000745,-2604.52,-415.5155827336547
374,-7326.150000000023,2105.8300000000745,-2604.52,-454.2476436197072
375,-7326.150000000023,2105.8300000000745,-2604.52,-485.78381558617866
376,-7326.150000000023,2105.8300000000745,-2604.52,-454.2476436197072
377,-7326.150000000023,2105.8300000000745,-2604.52,-380.7072123892687
378,-6748.719999999972,2502.5,-2579.88,-913.0112738361911
379,-6748.719999999972,2502.5,-2579.88,-1818.4641124906252
380,-6748.719999999972,2502.5,-2579.88,-1404.5409433732746
381,-6748.719999999972,2502.5,-2579.88,-1451.914224015238
382,-6748.719999999972,2502.5,-2579.88,-1296.34222286943
383,-6748.719999999972,2502.5,-2579.88,-1296.34222286943
384,-6748.719999999972,2502.5,-2579.88,-1296.34222286943
385,-6748.719999999972,2502.5,-2579.88,-1531.3261414081535
386,-6748.719999999972,2502.5,-2579.88,-377.6805326325769
387,-6748.719999999972,2502.5,-2579.88,-514.2064819634091
388,-6748.719999999972,2502.5,-2579.88,-655.8769747468453
389,-6748.719999999972,2502.5,-2579.88,-678.4629330349455
390,-6748.719999999972,2502.5,-2579.88,-267.10634894414994
391,-6748.719999999972,2502.5,-2579.88,-360.7912498672928
392,-6748.719999999972,2502.5,-2579.88,-392.3274218337642
393,-6748.719999999972,2502.5,-2579.88,-360.7912498672928
394,-6748.719999999972,2502.5,-2579.88,-267.10634894414994
